1000
28 401
126 931
834 760
224 147
471 798
137 450
169 147
626 514
645 63
465 233
803 594
705 386
200 88
193 414
400 496
118 428
250 596
360 84
356 936
584 179
87 73
630 608
572 256
122 218
320 939
451 123
533 157
861 85
597 406
500 998
255 970
778 505
567 138
941 923
427 877
103 866
950 733
474 523
341 948
741 661
888 544
136 773
53 349
859 3
756 359
1 363
681 779
220 248
270 513
524 49
391 627
915 341
712 389
216 405
689 309
67 577
206 555
351 611
905 562
614 13
921 967
728 954
99 948
203 369
461 79
770 852
58 685
546 770
426 114
527 115
776 594
693 982
502 396
593 759
958 560
124 231
527 852
185 626
800 740
347 613
819 117
818 877
802 716
999 580
182 527
696 958
473 741
292 327
489 886
86 799
798 210
30 325
414 567
304 566
660 651
180 831
121 350
61 275
418 412
856 600
291 552
559 117
645 851
444 134
89 883
933 887
445 315
565 860
234 869
778 894
872 310
78 993
660 139
269 78
551 125
679 843
29 590
960 674
441 756
160 531
639 445
770 85
760 335
297 346
556 75
241 429
386 671
774 398
810 395
477 713
520 508
556 901
98 868
927 891
625 439
774 616
884 545
53 644
232 350
343 789
778 584
570 516
255 696
914 417
92 743
130 964
603 39
866 53
907 145
945 884
585 719
501 469
616 554
466 849
257 809
990 35
745 912
903 352
608 817
121 700
913 251
17 516
290 883
922 550
380 867
434 965
938 935
787 555
842 253
756 99
414 746
486 159
658 389
863 618
558 984
671 823
587 688
692 878
571 614
780 303
481 214
269 419
502 56
326 344
661 82
795 75
828 281
586 838
22 801
457 932
785 128
756 372
816 448
602 739
62 382
42 895
949 663
666 451
71 993
147 732
75 942
159 256
575 97
94 949
898 903
881 35
383 989
408 551
789 362
642 203
745 685
98 46
700 117
497 124
110 996
856 185
290 368
793 217
817 888
166 716
791 399
103 527
389 863
78 178
226 721
734 323
758 832
369 458
949 218
582 411
214 791
949 856
511 742
73 328
630 239
396 774
638 852
653 379
715 731
910 941
452 644
616 562
828 985
373 130
555 307
541 121
450 842
977 961
585 50
642 567
641 390
693 632
242 346
11 310
78 273
603 882
269 220
445 98
557 818
228 113
477 121
586 928
964 564
889 901
966 883
468 608
626 162
240 868
508 603
178 938
877 782
821 146
354 618
596 911
788 176
376 265
298 963
193 614
527 435
515 493
670 983
453 296
497 693
517 6
297 47
296 526
181 469
672 535
87 269
799 227
445 175
845 95
138 390
61 17
825 576
863 496
912 316
144 761
362 661
119 659
709 416
537 890
885 209
426 325
830 577
904 628
752 749
75 243
140 137
612 317
65 827
165 977
144 310
91 858
971 210
869 32
626 406
923 864
967 701
189 798
278 445
778 382
195 853
625 687
990 238
4 56
65 170
385 561
832 476
771 155
39 640
188 665
46 111
529 14
164 70
164 794
516 942
176 63
147 802
750 490
392 106
898 809
628 635
723 460
112 494
616 503
487 804
168 533
267 50
899 431
120 415
225 988
709 753
51 857
555 153
699 299
260 597
461 240
232 184
701 696
30 669
199 517
473 368
403 92
770 302
875 890
70 452
231 131
205 634
340 761
788 39
412 400
636 873
640 869
57 693
917 440
362 117
957 187
837 360
631 607
15 506
849 85
958 80
568 164
67 909
277 855
948 689
607 585
915 599
806 324
645 723
764 359
192 722
899 29
82 530
636 97
37 486
534 347
918 103
511 985
12 140
192 312
182 151
249 97
103 407
421 748
131 186
107 323
260 6
705 342
537 341
792 926
179 678
273 450
781 137
435 145
277 980
810 459
131 59
908 234
467 330
982 950
868 442
625 128
448 330
470 337
24 614
615 203
293 889
5 74
378 441
572 7
421 382
467 904
441 375
139 260
57 473
210 925
915 836
53 716
518 876
405 542
490 21
98 135
262 103
562 640
896 134
647 669
868 466
574 661
194 713
922 251
538 484
529 454
672 934
522 191
162 927
85 653
948 535
140 210
991 702
850 887
836 850
557 56
316 483
718 510
196 640
114 86
476 995
540 149
929 62
692 92
990 129
97 290
665 237
501 656
940 703
895 128
553 804
185 222
287 255
84 835
247 198
922 723
545 814
872 475
229 916
567 571
46 16
861 711
253 362
719 545
66 966
26 971
771 563
193 410
818 278
246 65
828 520
788 374
334 13
201 563
929 120
134 327
136 348
38 741
710 109
639 128
76 665
452 847
228 645
257 398
275 855
463 456
375 603
182 62
616 383
977 898
503 464
225 991
812 616
732 874
77 723
355 153
388 807
352 968
804 962
366 432
817 829
888 545
433 422
607 401
805 936
651 660
400 877
651 212
845 735
439 922
459 794
428 199
601 780
168 757
94 886
189 912
68 429
809 853
203 768
254 8
704 906
20 105
135 671
669 332
759 108
606 218
902 34
417 855
167 937
613 261
824 154
525 244
936 334
97 139
102 703
500 159
609 520
264 96
544 933
780 303
42 387
873 296
421 290
152 588
580 117
850 756
623 727
0 911
62 97
403 516
800 903
27 762
775 291
210 319
577 991
974 971
378 847
267 151
490 771
740 70
240 942
178 864
21 178
127 83
627 530
952 779
785 979
893 561
623 104
880 552
447 855
875 177
54 142
328 544
266 420
614 506
714 144
722 736
322 202
171 301
732 123
81 518
455 326
79 430
430 311
982 229
518 857
406 573
351 87
117 969
507 84
828 222
228 902
310 903
104 481
204 837
957 637
355 764
964 786
194 746
449 528
976 968
385 734
893 88
821 362
58 329
798 238
903 379
140 565
282 245
46 838
82 355
828 789
119 144
927 313
890 376
841 218
696 578
953 589
19 126
304 77
807 102
315 710
481 807
627 115
52 674
954 486
381 134
627 501
278 554
166 520
931 360
91 979
938 396
569 957
522 873
386 330
327 53
392 809
861 20
924 265
46 230
752 427
716 379
280 994
286 447
867 569
807 958
548 97
706 117
407 228
342 145
910 670
199 655
831 412
27 107
677 425
338 429
204 54
161 485
401 447
284 620
16 91
930 916
540 636
386 947
216 728
445 479
750 644
134 933
408 513
41 85
938 379
867 142
785 380
627 538
827 911
510 195
354 440
111 247
428 497
546 645
578 991
476 680
987 962
614 395
475 655
833 413
386 700
907 523
80 887
414 259
150 924
806 857
365 269
104 145
119 650
142 697
994 618
729 981
580 343
729 407
350 562
172 736
614 80
612 46
319 26
657 469
950 463
326 667
84 782
813 203
785 955
252 779
926 982
760 858
677 841
266 28
403 438
116 369
870 728
415 189
754 72
659 57
887 337
724 324
120 889
527 905
197 132
36 123
466 148
981 143
990 247
523 745
38 992
115 908
720 882
98 827
955 109
236 194
446 960
518 918
202 398
175 399
530 211
874 996
360 855
491 702
455 367
447 493
359 914
753 79
797 851
258 752
312 494
298 759
807 817
29 9
567 205
760 97
768 634
445 480
841 936
182 296
303 982
141 14
896 895
94 693
98 704
797 411
199 96
522 6
265 551
367 832
108 127
281 877
113 726
357 954
14 892
251 670
874 744
684 770
639 130
464 90
835 261
501 34
709 23
392 974
574 111
806 35
590 87
912 703
165 621
657 180
865 260
202 739
357 886
862 996
17 326
438 852
939 939
238 649
962 982
975 889
93 134
924 683
573 188
386 739
161 395
271 379
8 473
118 365
359 332
713 728
658 152
932 950
91 170
951 406
504 278
647 597
412 923
632 338
463 370
77 624
766 700
3 774
525 474
491 236
806 204
965 817
356 897
119 800
420 422
206 924
700 205
874 113
128 858
803 591
229 232
567 347
932 923
473 457
749 964
693 555
168 10
724 525
260 195
677 32
617 883
308 318
88 182
783 568
393 586
159 622
818 78
969 102
1 442
559 102
758 604
658 926
967 734
803 227
930 480
259 547
715 567
217 803
102 0
723 495
938 882
469 756
961 438
858 314
232 769
417 990
726 427
268 693
513 424
272 443
904 531
343 620
450 912
775 552
913 499
399 851
733 868
960 46
658 170
713 242
292 130
584 18
909 853
63 422
277 335
218 533
866 913
505 668
825 633
573 90
484 972
294 217
193 254
616 203
776 329
446 68
811 30
438 720
235 501
494 864
836 64
750 54
329 255
723 155
240 296
597 724
620 891
942 165
497 558
369 274
887 815
694 50
197 133
122 785
986 616
1 823
33 751
229 362
359 952
869 599
600 467
676 221
710 618
738 208
528 107
834 767
274 880
817 472
13 939
609 352
907 962
175 292
66 404
7 777
709 876
728 661
695 404
234 406
374 973
966 902
80 152
21 355
32 838
179 398
129 140
750 389
102 277
681 168
33 688
945 742
917 674
756 612
78 990
370 453
963 688
707 44
840 729
399 225
919 930
623 401
70 725
790 172
2 823
341 387
